3 0.30470523 0.75376433 0.092681356 0.11152758 0.3444328 0.7641031 1
0 0.4938877 0.66143453 0.17398995 0.14317809 0.5375651 0.65464354 1
3 0.064673126 0.7320226 0.09752238 0.11703606 0.079872325 0.7520127 1
3 0.2630339 0.6713158 0.082680635 0.10942278 0.29432797 0.6829892 1
3 0.7277268 0.74109495 0.08259492 0.108980276 0.73741966 0.73330355 1
3 0.29798198 0.61232466 0.068514146 0.091434106 0.31069806 0.6124323 1
3 0.85919863 0.7393061 0.07468471 0.110466115 0.8654624 0.732472 1
0 0.051435575 0.64089644 0.099927425 0.10508998 0.057058174 0.6562672 1
0 0.58185554 0.46693534 0.053028125 0.078860834 0.5950626 0.45108658 1
3 0.77832663 0.6506201 0.064816706 0.101807274 0.76857567 0.6374656 1
3 0.38592485 0.5764377 0.05735719 0.09672426 0.37126705 0.5779666 1
3 0.29203326 0.62294453 0.079072945 0.095052905 0.3033269 0.63738984 1