3 0.26947752 0.86859465 0.058212034 0.12652606 0.24292547 0.83676124 1
3 0.8335536 0.7476309 0.044426378 0.11974403 0.81835735 0.72108305 1
3 0.87901735 0.8548685 0.069940954 0.1422745 0.8535752 0.81918013 1
3 0.39195213 0.86336684 0.050135534 0.11561659 0.38959566 0.84349906 1
3 0.08749426 0.5389987 0.06257365 0.079108104 0.086212635 0.5431132 1
0 0.5155574 0.59694654 0.062407695 0.12698255 0.51470363 0.60499185 1
0 0.4091444 0.4964777 0.05558589 0.08995925 0.40955925 0.5065256 1
3 0.74870175 0.7001284 0.0379674 0.116224475 0.742444 0.6872436 1
2 0.31235534 0.6849396 0.20356369 0.2570397 0.26582542 0.6023633 1
0 0.4839561 0.5048169 0.06293164 0.11694178 0.48204023 0.51704276 1
3 0.7033585 0.6755825 0.03271507 0.10938274 0.7003963 0.66207045 1
3 0.78945863 0.68277687 0.035562374 0.10254107 0.77904063 0.6736385 1
0 0.48915288 0.48252708 0.07369172 0.15649486 0.49737942 0.53928226 1
3 0.6082389 0.5958484 0.027163314 0.09997249 0.60862577 0.5941455 1
1 0.31041628 0.68281865 0.20669262 0.2571321 0.23137005 0.5565614 1
3 0.41601366 0.6545523 0.03243718 0.12879984 0.40859154 0.67577815 1
3 0.6765376 0.5801165 0.037262563 0.11096295 0.6704041 0.5707912 1
3 0.89026207 0.7618577 0.050611224 0.112072535 0.8771345 0.7479108 1