0 0.47384152 0.6811669 0.08064518 0.17741974 0.47244304 0.7620552 1
0 0.60096776 0.82443106 0.15254448 0.18705703 0.56125206 0.76808935 1
3 0.81324106 0.74184287 0.048154935 0.12886702 0.80834556 0.7143484 1
3 0.248196 0.819982 0.060100142 0.16817446 0.24310495 0.8687716 1
3 0.8942557 0.85796684 0.060816273 0.13785243 0.874631 0.8248219 1
0 0.73301375 0.84584916 0.14014769 0.16982166 0.69305336 0.7947595 1
3 0.3632992 0.7056267 0.03624308 0.11959053 0.36565474 0.73652315 1
0 0.44261456 0.50015336 0.051385436 0.117402956 0.43498924 0.5406317 1
3 0.6606593 0.5823916 0.028779129 0.10209971 0.6582792 0.55653226 1
0 0.50136477 0.4906483 0.048724394 0.12170453 0.5020136 0.5180153 1
3 0.7608979 0.6046342 0.03973539 0.090227745 0.7526185 0.58270484 1
0 0.4518486 0.46347642 0.041770484 0.09416586 0.44492954 0.50358707 1
3 0.3406696 0.5938868 0.025889242 0.07693069 0.3433616 0.6092843 1
3 0.36114347 0.6243893 0.028136982 0.07819171 0.3608981 0.6596911 1