0 0.64773667 0.728415 0.1195425 0.19656286 0.62210435 0.67718583 1
3 0.21664463 0.7912381 0.05267926 0.13322403 0.20478092 0.7908978 1
3 0.137514 0.794281 0.05339864 0.13462433 0.11793362 0.78005964 1
0 0.40266645 0.6456898 0.06538448 0.13732675 0.39863533 0.6883099 1
0 0.45219678 0.85051394 0.1856789 0.20058493 0.45061225 0.8957224 1
3 0.2875866 0.7401004 0.037555393 0.13302647 0.28823638 0.75747985 1
3 0.34010231 0.82336384 0.0380181 0.1412388 0.33529773 0.8366939 1
0 0.90579283 0.8223517 0.17840283 0.23079383 0.86436397 0.71916735 1
3 0.4746752 0.6341453 0.040547 0.1042948 0.4692566 0.6164358 1
0 0.48117387 0.5135051 0.045017675 0.09231117 0.4799333 0.5224019 1
3 0.25480065 0.6858727 0.036895134 0.113348305 0.24952483 0.7054754 1
0 0.7275791 0.60662246 0.17054275 0.2644362 0.68309385 0.5305373 1
0 0.43929747 0.4633859 0.05019014 0.10232902 0.43544477 0.48554987 1
3 0.5326489 0.55878603 0.026356928 0.084130995 0.53639686 0.5578518 1