0 0.72457993 0.7088679 0.11987117 0.15371493 0.691703 0.64475584 1
0 0.5582345 0.7757626 0.18995227 0.21197383 0.5141997 0.7190674 1
0 0.45374855 0.86884874 0.1576905 0.12844487 0.4250432 0.8310126 1
3 0.33003923 0.77127784 0.046355207 0.14640045 0.32145664 0.76482886 1
0 0.5284707 0.6194629 0.07393248 0.15073761 0.5361863 0.64799356 1
0 0.4180567 0.5915494 0.063900955 0.13260902 0.40545508 0.6304054 1
3 0.41896775 0.74636084 0.03439639 0.12445349 0.41786352 0.7565285 1
0 0.485916 0.5144111 0.056050643 0.11541754 0.49255562 0.5548624 1
3 0.08839563 0.60995406 0.055441532 0.08656099 0.08090908 0.61050385 1
0 0.25712124 0.6379186 0.1488052 0.19298702 0.22693913 0.58150345 1
3 0.6567067 0.57320535 0.0313747 0.096611366 0.651512 0.55465156 1
3 0.37595147 0.6872921 0.030396823 0.100848146 0.37890366 0.6942447 1
2 0.25954816 0.63713676 0.14591677 0.19617456 0.20638078 0.5690046 1
3 0.5868702 0.5998532 0.03016208 0.09584149 0.5831265 0.5891566 1
3 0.9520557 0.8836427 0.084695525 0.13179956 0.93567246 0.86833525 1
3 0.7857108 0.69482225 0.042178076 0.11247374 0.77231383 0.6686021 1
3 0.41774935 0.7386476 0.045853827 0.12092292 0.42064434 0.74781114 1
3 0.35345647 0.65165675 0.026846938 0.10619756 0.35853192 0.6585089 1