0 0.7503262 0.7048412 0.11721592 0.14709593 0.7056148 0.63298756 1
0 0.6696029 0.763327 0.13439137 0.24904145 0.6502194 0.6984106 1
0 0.50379694 0.6641616 0.11169956 0.12611625 0.5040353 0.6391556 1
0 0.29741034 0.54788595 0.118221864 0.09724627 0.27395526 0.5578914 1
3 0.8819411 0.7961738 0.054681335 0.12925199 0.87602973 0.77223575 1
3 0.36574385 0.68055266 0.041447833 0.12671919 0.36808243 0.6927642 1
3 0.91407317 0.8652144 0.0631659 0.1291158 0.895605 0.8409345 1
0 0.63083667 0.58717704 0.069626756 0.11544209 0.6242936 0.56865585 1
3 0.53637314 0.6062909 0.038895518 0.090085536 0.53420186 0.61120135 1
3 0.39801815 0.61520994 0.031177314 0.09232789 0.40024048 0.63003767 1
0 0.5744149 0.46190953 0.03532451 0.07649527 0.5799366 0.46813354 1