3 0.22718307 0.7498359 0.10434657 0.12310527 0.26058796 0.7625522 1
3 0.4959268 0.730445 0.056309327 0.12577268 0.4988059 0.7317287 1
3 0.4558383 0.58126855 0.058487315 0.10142052 0.46074888 0.59014046 1
3 0.32483655 0.5872704 0.05868333 0.089163356 0.3274945 0.6026373 1
3 0.6964764 0.64495254 0.0656046 0.10994365 0.69755286 0.6353281 1
3 0.55875736 0.6360609 0.06664509 0.10133339 0.5539066 0.6330459 1
3 0.64263034 0.6250151 0.068319574 0.10557579 0.63998246 0.6213049 1
3 0.8035923 0.7446974 0.06999981 0.11740244 0.798092 0.7441793 1
0 0.61918104 0.51860714 0.09462445 0.13587691 0.6130451 0.506995 1
0 0.5772097 0.480908 0.051087815 0.08114687 0.5869697 0.48179242 1
0 0.44497463 0.46481442 0.03732356 0.073008604 0.4392904 0.48335278 1
0 0.49396977 0.4546479 0.045438908 0.08913998 0.49066347 0.47323897 1
3 0.7932933 0.734691 0.0615853 0.114985876 0.7867916 0.72385424 1
3 0.9253048 0.7139135 0.069140054 0.1021818 0.9271821 0.7124384 1
3 0.08171334 0.67926425 0.05908684 0.11977249 0.0853756 0.66824037 1