0 0.6272799 0.66041243 0.07968722 0.12610707 0.6072181 0.6088459 1
0 0.69318944 0.87055683 0.13763973 0.12596722 0.6495314 0.82887423 1
3 0.3409363 0.74732894 0.05458159 0.12614997 0.33365905 0.7372168 1
3 0.8235785 0.84160036 0.06059528 0.14429222 0.8039898 0.8016193 1
3 0.48608136 0.7644872 0.044163033 0.15444028 0.4878255 0.80688304 1
0 0.5832373 0.5383616 0.05375991 0.09846273 0.5850225 0.5245068 1
0 0.6914704 0.61966985 0.08240212 0.10944647 0.6812231 0.57847965 1
3 0.82693744 0.69904584 0.03809556 0.10795869 0.8264096 0.68131346 1
0 0.23810798 0.5886858 0.14483804 0.15128832 0.20150024 0.56298083 1
3 0.86981434 0.8170507 0.05290726 0.13604026 0.85642797 0.7789239 1
0 0.4010502 0.5171924 0.09453605 0.09563188 0.39906207 0.54436076 1
3 0.32085204 0.67000806 0.050923426 0.102857545 0.30577654 0.6732712 1
3 0.748512 0.6224405 0.036372818 0.10696572 0.7462771 0.6062816 1