3 0.680608 0.7655213 0.06339501 0.14052284 0.6744973 0.7793383 1
3 0.1489931 0.7787728 0.10368166 0.12280818 0.16332747 0.78151655 1
3 0.90280575 0.74109596 0.070150666 0.11586417 0.8929558 0.7255333 1
3 0.25592047 0.815138 0.037641477 0.15337963 0.2493985 0.84902364 1
3 0.83660054 0.7754331 0.056829594 0.12648137 0.8368951 0.7674296 1
1 0.47972655 0.64486516 0.100457855 0.24526885 0.47989997 0.76935863 1
3 0.15362881 0.87458843 0.05512248 0.11944385 0.14835724 0.88916564 1
0 0.44502097 0.4595463 0.040400237 0.080102906 0.43662623 0.47197345 1
3 0.30667666 0.5271443 0.04480112 0.07755836 0.30552873 0.53525764 1
3 0.10449976 0.6371552 0.06943927 0.09758621 0.1127559 0.63283515 1
3 0.21409784 0.6403703 0.07610819 0.09548164 0.22653402 0.6367298 1
0 0.49237534 0.4559263 0.043794114 0.08478357 0.48336083 0.48519835 1
0 0.47623762 0.66773 0.085648745 0.17280756 0.48058003 0.73200774 1