2 0.455189 0.873783 0.157962 0.101771
2 0.553946 0.783909 0.193255 0.185415
2 0.049749 0.542834 0.084438 0.074742
2 0.728201 0.718862 0.114413 0.136616
2 0.413762 0.604894 0.063873 0.097743
5 0.257003 0.645676 0.157073 0.181055
7 0.488464 0.514245 0.053274 0.109556
3 0.095469 0.602348 0.059439 0.081451
2 0.558408 0.424921 0.027975 0.042322
2 0.528404 0.635216 0.069584 0.127418
5 0.487307 0.511355 0.051018 0.117623
2 0.454212 0.434615 0.027539 0.042705
3 0.045764 0.695252 0.070276 0.075709
7 0.258027 0.646118 0.158777 0.180373
3 0.419667 0.764644 0.028363 0.091912
2 0.781733 0.694031 0.032316 0.084412