5 0.730796 0.617506 0.167703 0.248309
5 0.899193 0.828194 0.183034 0.188326
2 0.652495 0.738338 0.108601 0.172423
2 0.477927 0.515301 0.042932 0.074938
3 0.217051 0.806972 0.040705 0.080576
2 0.399104 0.649886 0.063966 0.121007
3 0.137606 0.813685 0.042370 0.073098
2 0.445904 0.842018 0.181382 0.159663
3 0.336976 0.849257 0.029722 0.089687
3 0.474075 0.639971 0.033919 0.075672
5 0.445770 0.841896 0.180560 0.161066
2 0.554507 0.430220 0.028409 0.041270
2 0.438299 0.462505 0.043234 0.084586
3 0.137959 0.791855 0.044659 0.113084
3 0.286939 0.759865 0.026219 0.081895