2 0.583165 0.547777 0.047998 0.070571
2 0.628181 0.668346 0.071704 0.108918
2 0.695185 0.871391 0.130616 0.103061
2 0.694074 0.617620 0.078303 0.106872
2 0.237467 0.554425 0.133548 0.080643
2 0.395744 0.531578 0.068893 0.069383
2 0.237261 0.618343 0.134584 0.088648
3 0.338129 0.751794 0.049492 0.086164
2 0.660141 0.549169 0.059090 0.076773
3 0.486677 0.782125 0.029754 0.082402
2 0.501049 0.430958 0.029152 0.044591
2 0.629558 0.519033 0.037164 0.043484
3 0.843842 0.848478 0.088314 0.118908
3 0.824550 0.873052 0.049542 0.073887
3 0.824617 0.853254 0.051112 0.111168